2
30
27
20
23
4
7
7
4
22
3
32
36
11
7
103
6
2
3
16
6
8
8
2
34
25
16
746
1
4
71
11
5
2
19
27
261
1
32
2
30
1
9
102
8
25
5
2
1
476
10
59
11
31
1
15
32
221
8
15
21
4
33
1
8
7
12
5
1
4
6
64
8
37
8
4
6
7
3
2
14
18
16
7
5
18
7
19
33
2
2
8
25
1
3
7
21
19
50
35
2
2
4
4
7
6
6
12
35
25
11
1
6
5
3
8
7
3
7
5
2
11
15
15
21
19
1
12
2
14
3
8
5
32
4
10
3
6
42
2
1
19
237
38
8
6
2
1
3
45
3
11
12
12
7
11
7
4
13
25
83
9
2
9
17
2
9
4
1
9
228
154
70
2
8
18
22
2
4
14
57
1
6
17
16
17
5
8
21
1
3
3
4
2
12
20
33
70
34
7
1
5
15
13
2
5
3
40
10
15
2
27
57
10
1
7
1
22
14
1
16
7
2
43
52
11
9
9
3
16
7
1
2
5
43
2
7
3
15
8
5
2147483647
1
5
93
3
13
5
15
12
17
24
56
6
1
6
146
48
24
7
13
69
23
402
5
6
1
3
9
13
4
104
12
27
12
1
47
35
17
10
13
1
33
25
28
61
26
17
29
4
16
39
8
15
2
14
8
23
6
261
4
14
14
17
2
3
3
3
3
1
3
3
6
62
12
27
7
5
1
12
4
17
20
1
8
4
20
10
5
2
3
30
3
16
9
22
10
16
3
9
12
60
34
25
1
3
1
53
21
25
4
11
5
4
1
1
4
167
8
28
13
50
11
8
33
39
97
44
9
9
12
8
10
28
10
32
8
27
8
8
17
2147483647
12
5
17
4
29
1
3
20
13
5
6
2
5
2147483647
22
1
11
32
19
2
6
21
9
3
1
1
2147483647
6
7
24
8
45
15
4
2
660
2147483647
2
13
7
48
1
5
9
9
8
2
4
16
6
5
16
17
17
2147483647
8
91
5
27
16
28
12
8
22
9
43
2
20
2
30
15
46
6
131
4
23
17
18
11
32
9
6
7
2
13
524
12
8
1
410
11
19
45
20
1
2
5
1
2147483647
2147483647
8
87
540
5
9
11
4
3
8
2
7
7
30
13
1
13
3
7
1
254
18
14
54
6
6
3
6
16
16
6
3
25
2
21
11
3
6
23
3
351
1
13
5
28
8
347
4
30
31
6
8
15
1
2
18
2
8
7
50
12
8
30
32
2147483647
23
8
11
4
1
9
6
6
20
24
6
66
49
5
333
36
422
15
2
1
4
36
8
9
20
30
948
29
2
17
13
7
8
13
13
28
4
1
12
296
5
1
24
6
4
6
8
10
7
7
12
3
270
4
21
3
15
13
14
6
13
10
9
12
28
8
2
36
12
36
25
2
20
9
2
10
8
1
28
3
7
14
11
10
8
39
856
14
306
25
2
10
14
17
5
46
3
329
3
1
26
2
2
15
6
11
19
4
2
3
20
10
25
4
4
8
1
2
20
11
19
14
3
1
11
26
32
1
12
5
16
2
4
3
5
25
16
2
56
15
2
2147483647
3
2
14
11
1
8
6
17
25
10
30
7
31
26
1
3
9
21
8
2
271
1
2
10
17
1
12
11
13
18
10
8
2
10
7
10
4
27
7
10
8
14
10
2
28
19
5
1
12
216
9
16
35
19
5
1
34
2
35
8
10
19
3
21
14
11
3
8
7
2
4
3
15
2
2
157
6
16
11
9
10
2
7
3
7
2
53
12
27
43
27
28
1
21
65
46
11
14
57
3
9
24
53
6
806
1
5
24
82
1
2
49
8
6
4
33
3
9
5
12
8
2
19
6
11
12
11
6
20
12
34
8
32
10
19
7
19
13
4
20
20
5
3
3
26
47
10
9
22
6
2147483647
9
29
4
18
4
3
11
23
17
655
11
43
216
2147483647
13
3
19
11
9
5
9
2
7
9
9
13
2147483647
1
3
24
14
3
11
19
33
3
2
3
4
1
27
12
9
7
7
6
3
7
3
5
1
23
28
2
6
25
6
16
1
8
3
11
17
5
22
34
4
4
25
10
5
5
4
6
25
43
5
7
46
23
4
16
27
2
2
13
17
28
45
1
6
26
2
5
16
783
1
59
16
2
258
9
22
5
2
396
15
9
9
12
5
20
12
7
1
47
7
32
21
5
3
3
7
19
51
1
4
24
11
1
5
2
2
8
18
24
3
1
7
45
419
847
6
19
35
1
7
5
2
868
2
7
2
5
41
13
17
13
22
18
22
664
56
331
6
2147483647
71
24
5
22
16
27
543
20
43
1
4
1
27
11
11
9
240
16
1
8
7
6
5
53
12
6
29
8
26
17
44
6
2
31
33
1
38
8
24
5
35
7
476
3
2
4
22
4
13
32
9
9
253
18
18
12
39
7
3
17
4
6
17
9
6
274
18
9
9
11
15
45
1
26
5
14
32
4
3
21
11
4
25
34
13
1
11
26
3
27
2
2
5
153
3
13
6
6
9
10
2
13
34
6
5
13
3
3
9
1
40
11
20
5
1
3
2
153
6
7
20
6
4
1
2
4
29
1
53
12
3
18
7
50
3
11
23
51
3
15
26
19
4
2147483647
14
99
13
6
21
38
6
65
5
22
2
5
11
15
2
12
26
26
21
1
15
2
19
14
8
19
7
202
2
9
8
4
32
2
17
5
4
7
17
580
21
24
5
2
1
5
3
11
27
1
1
18
12
7
3
3
47
12
4
2
7
1
2
3
21
22
4
45
26
2
9
5
2
24
12
2
2
32
1
35
20
1
48
5
1
10
10
2
6
32
1
10
3
6
2
5
8
1
36
8
31
9
18
38
31
29
4
25
7
208
3
5
2
13
26
11
10
7
11
30
27
9
2
2
26
15
70
15
50
11
13
10
15
2
5
8
15
2
4
17
16
10
2
8
35
13
96
19
2
2
13
2
17
34
21
5
4
12
33
5
1
13
2
8
6
1
8
1
2
8
24
12
2
7
244
6
25
26
10
5
17
1
8
15
21
11
11
16
5
1
10
3
158
3
23
10
8
11
7
26
2
3
15
12
49
2
24
10
13
5
14
9
1
16
97
9
2
24
2
2
2
201
33
8
20
1
1
3
5
13
13
3
33
6
2
1
2
25
15
11
13
24
22
34
60
20
9
4
6
4
27
5
3
11
3
12
18
4
7
4
4
4
2
26
18
28
23
2
16
4
8
5
7
118
1
21
20
2
4
25
35
8
14
12
1
2
722
4
23
7
3
6
5
27
537
51
42
11
66
486
16
41
12
2
4
5
15
1
12
8
3
15
27
553
22
11
9
14
5
17
30
2
6
1
15
5
5
4
3
3
34
11
1
12
47
8
4
209
2
7
41
13
11
24
5
16
2
13
18
28
172
10
24
296
5
5
17
5
4
9
2
8
3
23
16
27
405
14
45
26
15
1
7
295
4
12
32
4
9
3
48
14
7
7
6
7
7
25
35
2
51
79
18
31
3
126
135
3
18
1
3
4
17
8
10
6
3
11
15
6
12
5
21
4
2
2
6
5
5
18
9
27
53
14
17
114
1
3
6
2
6
1
26
51
6
5
4
19
4
27
39
29
32
4
47
3
9
1
24
3
17
17
1
9
30
10
14
21
5
27
3
27
34
2
3
7
12
3
8
29
12
3
4
1
6
17
1
10
6
10
10
4
44
8
443
23
1
7
12
184
20
23
38
14
10
66
4
2
5
12
3
8
11
32
10
8
39
5
7
53
18
21
5
17
15
21
17
12
14
5
33
12
6
2
5
13
1
60
20
1
42
2
27
154
7
15
26
12
8
8
11
2147483647
3
9
14
20
2147483647
24
9
23
2
4
1
11
7
19
3
15
684
14
25
51
2147483647
6
9
40
1
15
20
15
1
27
11
6
3
8
24
15
16
3
121
18
10
20
2147483647
5
35
8
2147483647
27
2
5
11
12
2
2147483647
8
10
9
30
10
14
5
25
6
4
13
38
16
2
14
13
11
1
10
5
8
17
19
11
48
39
1
40
5
21
34
1
5
5
2
10
11
7
4
5
15
7
4
4
18
2
14
9
9
2
20
18
1
9
4
3
12
2
24
5
17
660
6
9
5
59
2
9
5
18
4
4
5
9
9
11
21
12
27
2
8
11
15
5
39
31
13
241
1
3
2
10
18
26
9
23
31
42
15
35
2
5
18
3
14
2
4
2
28
18
20
3
3
16
2
48
11
12
34
2
7
6
16
5
10
9
7
16
3
3
13
40
575
9
4
15
306
9
3
2
15
38
23
5
15
37
4
18
21
4
5
7
20
15
28
15
52
9
11
15
35
18
9
13
11
21
36
28
14
4
13
15
3
26
20
142
9
632
5
15
1
293
30
28
15
15
9
3
21
26
16
12
8
9
511
14
5
16
3
3
10
307
3
22
19
36
2
14
4
4
9
5
1
7
46
18
1
2
7
2
28
4
268
2
18
15
7
2
10
6
12
13
5
2147483647
1
12
14
18
9
10
3
13
15
13
64
36
8
18
6
32
2
112
11
6
7
